protein_id	pred	prob_0	prob_1	prob_2
YP_011997291.1	0	0.991929	0.001858	0.006212
YBX44346.1	0	0.712514	0.117131	0.170355
XZS48257.1	0	0.968447	0.002656	0.028897
YCB25596.1	0	0.960038	0.031336	0.008626
YBW91274.1	0	0.972868	0.024333	0.002799
YBZ62967.1	2	0.010521	0.028956	0.960523
YAF82268.1	0	0.760136	0.224947	0.014917
XZY10952.1	0	0.843145	0.122042	0.034813
YAA51761.1	1	0.155038	0.671240	0.173721
XKC24494.1	0	0.990738	0.000316	0.008946
YAS74479.1	0	0.989029	0.003322	0.007649
YP_012233313.1	0	0.994824	0.000373	0.004803
YBW02452.1	2	0.051410	0.175290	0.773300
CAO2437176.1	0	0.969860	0.001547	0.028593
YBX45019.1	0	0.995079	0.000294	0.004627
CAO2434626.1	0	0.957149	0.021443	0.021408
YBX93150.1	0	0.977001	0.017804	0.005195
YBZ23849.1	0	0.981315	0.000595	0.018089
YBB95501.1	0	0.983706	0.000176	0.016119
CAO2433091.1	0	0.974102	0.001395	0.024503
YP_011697411.1	0	0.992569	0.000086	0.007345
YBW64214.1	0	0.977323	0.000255	0.022422
YBZ62971.1	0	0.966905	0.007945	0.025150
YBW01870.1	0	0.931730	0.000798	0.067472
XZP49878.1	0	0.967557	0.000712	0.031731
CAO2438580.1	0	0.985891	0.000291	0.013818
YAS74887.1	0	0.908653	0.079196	0.012151
YP_011937629.1	0	0.975365	0.004950	0.019685
YBW01216.1	0	0.978807	0.019513	0.001680
YBX85833.1	0	0.974120	0.000391	0.025489
CAO2920118.1	0	0.826127	0.160823	0.013050
YBX43853.1	0	0.947403	0.025514	0.027082
YCB58724.1	0	0.995793	0.000039	0.004168
XYL11246.1	0	0.963223	0.007791	0.028985
YAF81043.1	0	0.990914	0.003027	0.006059
YAA50780.1	0	0.960295	0.012991	0.026714
YBX44994.1	1	0.037505	0.701623	0.260872
YBB95660.1	0	0.957552	0.019796	0.022653
YP_011958365.1	0	0.853922	0.076651	0.069427
YP_011997652.1	0	0.708530	0.041390	0.250080
YAO55800.1	0	0.911319	0.080022	0.008659
YP_011771125.1	0	0.986735	0.001186	0.012079
YBW68653.1	1	0.128485	0.782570	0.088946
YCB84693.1	0	0.811845	0.127820	0.060335
CAO1702039.1	0	0.979910	0.003494	0.016596
XZP20859.1	0	0.979058	0.003124	0.017818
YCB84646.1	0	0.997213	0.000708	0.002079
YAV93997.1	0	0.972239	0.004366	0.023395
YCB26924.1	1	0.032414	0.550713	0.416874
CAO2436075.1	0	0.974119	0.000824	0.025057
YBW00775.1	0	0.981527	0.008610	0.009863
YCJ04793.1	0	0.982370	0.007982	0.009647
YAO59817.1	0	0.959627	0.030253	0.010120
YP_012601553.1	0	0.965927	0.032483	0.001590
YBW51314.1	0	0.974259	0.011070	0.014671
YP_011697878.1	0	0.970217	0.008974	0.020808
YCB85639.1	2	0.106810	0.095885	0.797305
YP_012822755.1	0	0.954985	0.002137	0.042878
YBG34338.1	0	0.989526	0.000284	0.010190
YDQ23141.1	0	0.957992	0.034808	0.007200
YBG34174.1	0	0.942275	0.005688	0.052037
YP_013608474.1	1	0.092811	0.878287	0.028902
YCB26449.1	0	0.980674	0.000168	0.019158
YBW50549.1	1	0.006044	0.958557	0.035400
YP_011937637.1	0	0.968555	0.002769	0.028676
YCH96181.1	2	0.006956	0.014829	0.978215
YBX44967.1	0	0.964968	0.009107	0.025924
YAS74638.1	0	0.920336	0.000867	0.078797
XAO59199.1	0	0.986571	0.000926	0.012503
YBW81601.1	0	0.868669	0.101466	0.029865
YBZ62491.1	0	0.801440	0.086560	0.112000
YBG33617.1	0	0.987985	0.000506	0.011509
YP_012792011.1	0	0.591689	0.080625	0.327686
YBW64773.1	1	0.003412	0.911936	0.084652
YP_012812075.1	0	0.997659	0.001135	0.001206
YCB26378.1	0	0.953054	0.002678	0.044268
YAO57650.1	0	0.984929	0.005343	0.009728
YBX44111.1	0	0.557853	0.053272	0.388876
CAO2433461.1	1	0.002440	0.935902	0.061658
YP_011372032.1	0	0.588336	0.183482	0.228182
YAS81919.1	0	0.954234	0.019811	0.025955
XZP19735.1	2	0.045852	0.035060	0.919088
YP_013396124.1	0	0.959670	0.001970	0.038360
YBG33679.1	0	0.994978	0.004449	0.000573
BHE53338.1	1	0.040490	0.947626	0.011884
YBX44354.1	0	0.944681	0.049938	0.005381
YBZ23675.1	0	0.994646	0.001691	0.003663
YAO57117.1	0	0.946848	0.047015	0.006137
YBW01319.1	0	0.900987	0.010239	0.088774
YBW50284.1	2	0.372261	0.213707	0.414032
CAO2433841.1	2	0.344018	0.292069	0.363913
YP_011756128.1	0	0.968181	0.001901	0.029918
AOZ62615.1	0	0.979588	0.003856	0.016556
YAO56738.1	0	0.971982	0.010588	0.017430
YBZ63230.1	0	0.961097	0.010354	0.028549
YP_011997738.1	0	0.934500	0.002624	0.062877
YBX75893.1	1	0.034319	0.955148	0.010534
YCB85640.1	2	0.010717	0.171274	0.818009
YAF80243.1	0	0.963833	0.000651	0.035516
YBB95774.1	0	0.939130	0.019275	0.041595
YBW00235.1	0	0.979098	0.019130	0.001772
YP_011813308.1	2	0.025457	0.256701	0.717842
XPB77075.1	1	0.020722	0.590591	0.388687
CAO2431163.1	0	0.974475	0.000691	0.024834
YCB58445.1	0	0.977984	0.012943	0.009073
CAO0861269.1	0	0.962345	0.000207	0.037447
WZB36958.1	0	0.935333	0.046305	0.018362
YBZ62504.1	0	0.802765	0.153729	0.043505
YBW00102.1	0	0.994476	0.000307	0.005218
YBX85552.1	1	0.443453	0.479386	0.077161
YAF81892.1	0	0.956237	0.025747	0.018017
CAO2432661.1	0	0.970613	0.024375	0.005012
YCJ12347.1	0	0.978701	0.009109	0.012190
YAO57549.1	0	0.947021	0.045338	0.007641
YBZ63510.1	0	0.462510	0.455890	0.081600
YBZ63324.1	0	0.989657	0.007779	0.002563
CAO1701662.1	0	0.972736	0.000232	0.027033
YAO56866.1	0	0.964339	0.000808	0.034852
YAS76308.1	0	0.989013	0.000602	0.010385
YP_012208657.1	0	0.941267	0.034455	0.024277
XZY11410.1	0	0.942296	0.002293	0.055411
YAO55247.1	0	0.986951	0.007551	0.005498
YP_011562507.1	0	0.990057	0.001623	0.008320
XQU48098.1	0	0.828710	0.070901	0.100388
YP_012791965.1	0	0.992588	0.001713	0.005699
YCJ05628.1	0	0.957281	0.027012	0.015707
YBW01553.1	0	0.964920	0.014031	0.021050
YP_011698037.1	0	0.989903	0.001853	0.008245
ANZ47837.1	0	0.587423	0.346413	0.066164
YCB31726.1	0	0.550062	0.013760	0.436178
CAO2434686.1	0	0.991428	0.005947	0.002625
XXZ67922.1	1	0.343254	0.557782	0.098964
YBG33691.1	1	0.003897	0.982220	0.013882
YAF82870.1	1	0.008497	0.853549	0.137954
YAF81931.1	0	0.907434	0.055152	0.037413
YP_012319343.1	0	0.997429	0.000243	0.002328
YBX44333.1	0	0.947857	0.006260	0.045883
YP_012022064.1	0	0.962211	0.016229	0.021560
YP_012516219.1	0	0.990224	0.002727	0.007049
CAO3856592.1	2	0.004965	0.284172	0.710863
YBZ37431.1	0	0.986569	0.009843	0.003588
YP_012233326.1	0	0.975372	0.001324	0.023304
CAO2436961.1	0	0.974442	0.000817	0.024741
YAF79414.1	1	0.004790	0.968360	0.026850
YBW06088.1	0	0.984027	0.000859	0.015114
CAO2436367.1	0	0.935858	0.012863	0.051279
YP_011872774.1	0	0.997782	0.000903	0.001315
BCO38555.1	0	0.970327	0.006773	0.022900
YBZ24384.1	0	0.981911	0.005115	0.012974
YCJ06122.1	0	0.969653	0.002079	0.028269
YAV94067.1	0	0.976267	0.000927	0.022806
YP_011999038.1	0	0.964577	0.002790	0.032633
CAO2432358.1	0	0.971592	0.022914	0.005494
YAS75170.1	0	0.988078	0.003403	0.008518
YAF80419.1	0	0.934674	0.012081	0.053244
YP_013608130.1	0	0.902595	0.059282	0.038122
YAA51013.1	0	0.967494	0.006781	0.025725
YBX44741.1	0	0.982981	0.010736	0.006283
CAO2440105.1	0	0.975551	0.001535	0.022914
YP_012792006.1	1	0.010775	0.864112	0.125114
YP_011991229.1	0	0.988930	0.001162	0.009908
YBZ37559.1	0	0.921517	0.066110	0.012373
YAJ19901.1	2	0.034781	0.097168	0.868051
CAO1421879.1	0	0.943509	0.003970	0.052520
YP_012187042.1	0	0.984496	0.001681	0.013822
AOZ62683.1	0	0.991561	0.001903	0.006536
YCB59243.1	0	0.986183	0.005398	0.008419
YBW00496.1	0	0.998992	0.000129	0.000880
CAO2432228.1	0	0.967328	0.029111	0.003561
YP_013538001.1	0	0.995297	0.000353	0.004350
CAO2433234.1	2	0.344018	0.292069	0.363913
CAO2431395.1	0	0.936637	0.030562	0.032801
CAO2434015.1	0	0.984192	0.007848	0.007959
CAO1702042.1	0	0.952582	0.004008	0.043409
CAO2431819.1	0	0.971490	0.023142	0.005368
YBW50994.1	0	0.903567	0.003390	0.093043
BHD21223.1	0	0.966213	0.001217	0.032570
YAS69651.1	0	0.933152	0.033388	0.033461
BCO38518.1	1	0.056158	0.915172	0.028670
YAF81959.1	0	0.775762	0.209957	0.014282
AOZ62758.1	0	0.986758	0.001320	0.011923
YBW50282.1	0	0.863555	0.013886	0.122558
CAO0858196.1	0	0.972061	0.001991	0.025948
YBX44681.1	0	0.951513	0.001518	0.046969
YP_011870718.1	0	0.992919	0.001277	0.005804
YBX92972.1	0	0.695808	0.277560	0.026632
XLZ38674.1	0	0.736642	0.095633	0.167724
CAO2436659.1	0	0.969860	0.001547	0.028593
YP_011629124.1	0	0.970759	0.010679	0.018561
CAO2440754.1	0	0.931967	0.005437	0.062596
XZS47726.1	1	0.025351	0.566316	0.408333
YBB95474.1	0	0.980366	0.000354	0.019280
YP_010064435.1	0	0.976443	0.002110	0.021447
YAF80643.1	0	0.991812	0.001124	0.007064
YP_012063244.1	0	0.985674	0.001884	0.012441
YBW50257.1	0	0.944462	0.015948	0.039590
YAS76702.1	2	0.293972	0.110754	0.595274
YCJ06144.1	0	0.378490	0.334974	0.286537
XZY10626.1	0	0.964925	0.000236	0.034839
YAF79792.1	2	0.047359	0.214346	0.738295
XAL80386.1	2	0.252659	0.087090	0.660251
CAO2436427.1	0	0.935438	0.012771	0.051791
XSD99493.1	0	0.972836	0.003613	0.023551
CAO2433479.1	2	0.083695	0.412359	0.503945
YBW51089.1	0	0.933079	0.004917	0.062004
YCB26182.1	0	0.943873	0.043744	0.012383
YAO57168.1	0	0.996935	0.002287	0.000778
YAW78560.1	0	0.965154	0.009062	0.025784
YAF82454.1	0	0.758023	0.226140	0.015836
WIL02417.1	0	0.986206	0.010356	0.003438
YBX85471.1	1	0.006205	0.975585	0.018210
XLY78034.1	0	0.967627	0.002452	0.029921
YBG33045.1	0	0.884118	0.066093	0.049788
YAA51061.1	0	0.991613	0.004036	0.004351
YAV94972.1	0	0.985287	0.000748	0.013965
YAA53432.1	0	0.996764	0.000759	0.002476
YCJ06366.1	0	0.955503	0.003976	0.040520
YP_011874482.1	0	0.992870	0.001436	0.005693
YBC01704.1	0	0.986438	0.001155	0.012408
YAS85614.1	0	0.934564	0.060018	0.005418
YCB59263.1	0	0.988771	0.006394	0.004835
YP_013357146.1	0	0.993709	0.001794	0.004498
YAO57127.1	0	0.996877	0.002327	0.000796
YAS75721.1	0	0.963994	0.002489	0.033517
YAF82639.1	0	0.968405	0.003819	0.027775
CAO2439513.1	0	0.972235	0.016452	0.011313
YBX44746.1	1	0.021800	0.737655	0.240545
CAO2431783.1	0	0.987881	0.009615	0.002504
YBX85780.1	2	0.093163	0.332014	0.574823
YBW93058.1	0	0.968344	0.002876	0.028780
YBV99880.1	0	0.990520	0.000262	0.009219
UVJ52433.1	2	0.008661	0.202498	0.788841
XZP16784.1	2	0.006753	0.395478	0.597768
XMP27859.1	0	0.986893	0.001608	0.011499
YAA53145.1	0	0.909785	0.084649	0.005566
YBX85475.1	0	0.972813	0.012199	0.014988
YAA53246.1	2	0.393576	0.018038	0.588387
YBW81268.1	0	0.948946	0.031088	0.019966
YAS74850.1	0	0.958318	0.001255	0.040427
CAO2433488.1	1	0.001654	0.941510	0.056836
YP_011714310.1	0	0.976923	0.001052	0.022025
YP_011690511.1	0	0.975134	0.007273	0.017593
YP_011698833.1	1	0.028334	0.592028	0.379637
YAS74246.1	0	0.976076	0.008952	0.014971
YP_011968030.1	0	0.963395	0.015164	0.021441
CAO2433750.1	0	0.956601	0.016134	0.027265
YCJ06143.1	0	0.623318	0.068824	0.307858
YP_012516231.1	0	0.976207	0.002077	0.021716
YP_011991246.1	0	0.940028	0.015600	0.044372
YP_013607237.1	0	0.993890	0.001163	0.004947
WNV46351.1	0	0.970802	0.001210	0.027988
CAO2437261.1	0	0.973813	0.013315	0.012872
YAA51060.1	0	0.988045	0.007663	0.004292
XYC70263.1	0	0.992986	0.000161	0.006853
YCB16273.1	2	0.069992	0.246599	0.683409
YP_013532545.1	1	0.001384	0.904066	0.094550
CAO2434362.1	0	0.962356	0.000551	0.037093
YCJ06444.1	0	0.952895	0.001787	0.045318
YBB95015.1	1	0.043125	0.921004	0.035871
YBX75795.1	0	0.942117	0.008098	0.049785
YBB94522.1	1	0.001535	0.995794	0.002670
XSD99737.1	0	0.993357	0.001103	0.005540
YCB26262.1	1	0.012023	0.902229	0.085748
WIL02372.1	0	0.983797	0.001270	0.014933
YAS73933.1	0	0.985438	0.004054	0.010507
YAS85604.1	0	0.986015	0.007770	0.006214
YAF83008.1	0	0.875416	0.058691	0.065893
YAJ19695.1	0	0.960113	0.003317	0.036570
YAS75136.1	0	0.533601	0.388708	0.077691
YAS74548.1	0	0.636516	0.109837	0.253647
YP_012086804.1	0	0.965671	0.000548	0.033781
YP_012086871.1	0	0.996934	0.000838	0.002228
XAL80385.1	2	0.008971	0.041461	0.949568
YAA50773.1	0	0.984617	0.001692	0.013691
YAO56862.1	0	0.992824	0.000423	0.006753
YBZ24152.1	1	0.042720	0.568221	0.389059
YP_012063307.1	0	0.947018	0.028572	0.024410
CAO2436664.1	0	0.990720	0.001025	0.008255
YBG33318.1	0	0.990944	0.005281	0.003774
YBG33597.1	0	0.989526	0.000284	0.010190
YP_013608617.1	0	0.993557	0.000474	0.005968
YBB94476.1	0	0.967180	0.001596	0.031223
YBW93149.1	0	0.931558	0.030440	0.038002
YBX93046.1	0	0.981858	0.004768	0.013375
YAE76440.1	0	0.542502	0.393577	0.063921
YAF82323.1	0	0.968328	0.020934	0.010738
CAO0857307.1	0	0.983549	0.015065	0.001387
YAF82656.1	0	0.855700	0.083675	0.060625
YCJ06427.1	0	0.910346	0.008436	0.081218
YCB58446.1	0	0.944541	0.053185	0.002275
YBG33458.1	1	0.261855	0.684741	0.053404
YP_011999018.1	0	0.994380	0.000700	0.004919
YP_012543347.1	0	0.972253	0.026115	0.001632
YBW00945.1	0	0.962975	0.001052	0.035973
YP_011217206.1	0	0.989026	0.005671	0.005303
YP_011698040.1	0	0.973976	0.001961	0.024063
YAA53325.1	0	0.947445	0.035521	0.017034
YCB16012.1	1	0.022843	0.968491	0.008665
YAJ19672.1	0	0.985255	0.001270	0.013475
XSD99975.1	0	0.973347	0.000097	0.026556
YAO56557.1	0	0.968251	0.002183	0.029566
WIL02327.1	0	0.989249	0.000708	0.010042
CAO2433849.1	1	0.002326	0.994035	0.003639
YAO55074.1	1	0.118242	0.558880	0.322878
YP_012275121.1	0	0.992282	0.001350	0.006368
XZS48186.1	0	0.971768	0.000826	0.027405
YBW06257.1	0	0.963630	0.019806	0.016564
YAF81079.1	2	0.011449	0.005155	0.983396
YBX85499.1	0	0.948952	0.023395	0.027652
YAA53334.1	0	0.970364	0.000873	0.028763
CAO2433652.1	0	0.996278	0.000813	0.002909
YP_012789580.1	1	0.014127	0.659415	0.326458
YAA53505.1	0	0.870797	0.026927	0.102276
YAS75963.1	0	0.995054	0.002086	0.002860
YP_012883220.1	0	0.981082	0.002426	0.016492
YBW50359.1	0	0.984989	0.003093	0.011917
XPB76878.1	0	0.964942	0.004649	0.030409
USL85261.1	0	0.979714	0.008521	0.011766
CAO2439038.1	0	0.982586	0.000435	0.016979
YAS85598.1	0	0.919956	0.007208	0.072837
CAO2435158.1	0	0.991737	0.002307	0.005957
CAO0860543.1	0	0.980381	0.000551	0.019068
YBX75978.1	2	0.014551	0.005877	0.979572
QSM00568.1	0	0.984151	0.000078	0.015771
YP_013608180.1	0	0.990350	0.000873	0.008777
YBC01701.1	0	0.995982	0.000206	0.003812
WZB36977.1	0	0.951355	0.002143	0.046503
YAS74310.1	0	0.989101	0.000990	0.009909
YP_011997874.1	0	0.517217	0.016703	0.466081
YP_011898421.1	0	0.492812	0.430661	0.076527
YAO57639.1	0	0.946968	0.045348	0.007685
XLZ13188.1	0	0.946604	0.046157	0.007239
YAA53063.1	0	0.948089	0.035020	0.016891
YAA51346.1	0	0.922600	0.001229	0.076171
CAO2432197.1	0	0.970977	0.023552	0.005470
YAO57684.1	0	0.946968	0.045348	0.007685
WRQ12918.1	0	0.985883	0.010339	0.003778
YAS76313.1	2	0.120133	0.241635	0.638232
YP_011330759.1	0	0.980922	0.008568	0.010510
YBW00422.1	0	0.995158	0.000401	0.004441
YAF82357.1	0	0.948890	0.032089	0.019022
CAO0867430.1	1	0.142227	0.789187	0.068585
YBX86565.1	0	0.665391	0.044812	0.289797
CAO2440348.1	0	0.963874	0.020404	0.015722
XSD99174.1	0	0.997520	0.000468	0.002012
YBZ63428.1	0	0.918329	0.068663	0.013009
XZP17044.1	0	0.843645	0.093657	0.062699
YAV93941.1	0	0.932489	0.002727	0.064784
YCB58949.1	0	0.983350	0.005265	0.011385
YAF82360.1	0	0.970792	0.021164	0.008044
YCJ05699.1	0	0.957962	0.037194	0.004844
BHJ04158.1	0	0.954873	0.028742	0.016385
XZP20351.1	0	0.974301	0.010474	0.015225
YBW91861.1	0	0.989472	0.000506	0.010022
YBX85540.1	1	0.010321	0.964836	0.024843
ANZ46781.1	0	0.983167	0.003897	0.012936
YBG34015.1	2	0.005327	0.004751	0.989922
CAO2433392.1	1	0.005801	0.984195	0.010004
YAF82692.1	0	0.940560	0.013441	0.045999
YAL63634.1	0	0.987556	0.008387	0.004058
YP_011898381.1	0	0.889119	0.105731	0.005151
XZP20197.1	2	0.204883	0.234123	0.560994
YP_011217275.1	0	0.896544	0.098562	0.004894
YP_011562381.1	0	0.972260	0.000856	0.026884
ANZ46940.1	0	0.994337	0.001798	0.003865
CAO2432084.1	0	0.971592	0.022914	0.005494
YP_012516215.1	0	0.995140	0.000692	0.004168
YBZ37408.1	0	0.978027	0.000602	0.021371
YBW50279.1	0	0.992260	0.000426	0.007314
XZP20294.1	2	0.009946	0.004712	0.985342
YBX86098.1	0	0.872170	0.010761	0.117069
YCB25575.1	2	0.041828	0.221687	0.736485
CAO0869226.1	0	0.950146	0.001106	0.048747
YBW93135.1	0	0.678646	0.308117	0.013237
CAO2438973.1	0	0.964889	0.001408	0.033704
YP_013607190.1	0	0.989581	0.005375	0.005044
CAO2435136.1	0	0.991737	0.002307	0.005957
WIL02332.1	0	0.975872	0.006716	0.017412
YAO58145.1	0	0.979505	0.008475	0.012020
YBB95244.1	0	0.988668	0.004480	0.006852
CAO2439190.1	0	0.997543	0.000895	0.001561
YBG34440.1	0	0.959083	0.017755	0.023162
YP_012785529.1	0	0.995493	0.000247	0.004260
YP_011629127.1	2	0.025231	0.295009	0.679760
YAF81078.1	2	0.023719	0.040697	0.935584
YAS76182.1	0	0.951201	0.001638	0.047161
YBX76152.1	0	0.957620	0.013362	0.029018
YBG34273.1	0	0.916420	0.002339	0.081242
YAS82305.1	0	0.949111	0.020317	0.030573
YCA88948.1	0	0.986108	0.000598	0.013294
YCB58765.1	0	0.995689	0.000822	0.003489
YCA89030.1	0	0.991760	0.005001	0.003239
CAO2433554.1	2	0.024049	0.285812	0.690139
XZS48475.1	0	0.546896	0.023571	0.429532
CAO0852483.1	0	0.983549	0.015065	0.001387
YAO57517.1	0	0.975524	0.010175	0.014300
YAA51000.1	2	0.126304	0.393682	0.480014
YAS69386.1	0	0.980522	0.000671	0.018807
YCU83745.1	0	0.951476	0.006656	0.041868
YBX93160.1	0	0.990000	0.006251	0.003750
YP_012319355.1	0	0.855367	0.049741	0.094892
YP_011749772.1	0	0.989369	0.000258	0.010374
YBB95845.1	0	0.971757	0.007791	0.020451
YP_012063226.1	1	0.001575	0.956278	0.042147
YBW06248.1	0	0.945246	0.021423	0.033331
YAF81937.1	0	0.968994	0.001939	0.029067
YAO57086.1	0	0.996935	0.002287	0.000778
YBG33737.1	0	0.884118	0.066093	0.049788
CAO0860659.1	0	0.983549	0.015065	0.001387
YP_012599047.1	0	0.994822	0.001213	0.003965
AOZ62706.1	0	0.990462	0.000462	0.009075
YBW01380.1	0	0.879310	0.108044	0.012646
YBZ62658.1	0	0.995193	0.001627	0.003180
CAO2435413.1	0	0.991737	0.002307	0.005957
YP_013429485.1	0	0.958943	0.010791	0.030265
XZP18145.1	0	0.976982	0.002086	0.020933
YP_012008640.1	0	0.925350	0.046646	0.028003
YP_012812063.1	0	0.987711	0.003499	0.008790
XZP20771.1	0	0.985654	0.000728	0.013618
CAO2432237.1	0	0.971592	0.022914	0.005494
YBZ62902.1	0	0.905783	0.085282	0.008935
YBX85767.1	0	0.971533	0.007118	0.021349
YAS75895.1	0	0.989912	0.001046	0.009042
YBZ62988.1	0	0.960246	0.001634	0.038120
CAO2438112.1	0	0.904486	0.006966	0.088548
YP_012173235.1	0	0.984219	0.000806	0.014976
YP_012488384.1	0	0.995705	0.000460	0.003835
YP_013414911.1	0	0.958463	0.002472	0.039066
YP_012883178.1	1	0.006346	0.981522	0.012132
XHS91423.1	0	0.976954	0.001781	0.021265
XYC70114.1	2	0.004517	0.005920	0.989563
YBW00527.1	0	0.990409	0.000435	0.009155
CAO2432727.1	0	0.970613	0.024375	0.005012
YBZ37540.1	2	0.009729	0.010412	0.979859
YBX85752.1	0	0.949923	0.003890	0.046187
CAO0861055.1	0	0.990720	0.000328	0.008952
YCJ05487.1	0	0.891969	0.092983	0.015048
YAO56956.1	0	0.964863	0.000798	0.034340
XYL11258.1	0	0.743524	0.213366	0.043110
YAS74769.1	0	0.997552	0.001441	0.001007
YBZ63033.1	0	0.996442	0.001323	0.002235
YBZ24260.1	0	0.979660	0.001569	0.018770
YAA51495.1	0	0.982836	0.003862	0.013302
CAO2434427.1	0	0.957149	0.021443	0.021408
YAO55490.1	1	0.004932	0.907076	0.087992
YP_012037343.1	0	0.982999	0.010929	0.006072
CAO2434282.1	0	0.996148	0.000808	0.003043
YP_011698823.1	0	0.965611	0.015174	0.019215
CAO2434632.1	0	0.991428	0.005947	0.002625
YBW02174.1	0	0.964673	0.003418	0.031910
YBZ63339.1	0	0.990445	0.000783	0.008772
YAO58200.1	1	0.000982	0.993491	0.005526
YP_012063249.1	0	0.810778	0.142108	0.047114
YBW00156.1	0	0.981828	0.011122	0.007050
XLY78033.1	0	0.983309	0.003834	0.012858
XZG22147.1	0	0.742676	0.025269	0.232054
YAA50815.1	0	0.978807	0.002178	0.019015
YBZ63506.1	0	0.917423	0.068235	0.014342
XYC70052.1	0	0.993339	0.001817	0.004843
CAO0865545.1	0	0.950146	0.001106	0.048747
CAO2431740.1	0	0.987881	0.009615	0.002504
YCB26079.1	2	0.009511	0.420817	0.569672
YAO59813.1	0	0.970648	0.000770	0.028582
XMP27855.1	0	0.970510	0.025180	0.004310
YP_011997510.1	0	0.980459	0.002591	0.016950
YBG33825.1	0	0.916420	0.002339	0.081242
YCB85256.1	2	0.007210	0.447097	0.545693
YAS69616.1	0	0.963934	0.000911	0.035155
CAO2436466.1	0	0.933166	0.001563	0.065271
YAO57313.1	0	0.988141	0.004621	0.007239
YBW50157.1	0	0.986522	0.002054	0.011423
YCJ06451.1	0	0.971764	0.006160	0.022075
YDQ23131.1	0	0.955736	0.021441	0.022824
AOZ62740.1	0	0.987992	0.006304	0.005704
YP_011937620.1	2	0.006932	0.012003	0.981065
YP_011898491.1	0	0.883450	0.111713	0.004837
YAS69618.1	0	0.949417	0.002429	0.048154
YP_011870716.1	0	0.993585	0.001243	0.005172
CAO2432768.1	0	0.903352	0.081971	0.014677
YP_011411800.1	0	0.983698	0.001283	0.015019
YCB84682.1	0	0.979232	0.013440	0.007328
YAO57675.1	1	0.004114	0.994042	0.001844
YAJ19653.1	0	0.995424	0.003275	0.001302
YAA51762.1	0	0.911179	0.006474	0.082346
YP_011714292.1	0	0.991063	0.005036	0.003901
XZP19827.1	2	0.008274	0.326570	0.665156
YAE76364.1	0	0.989062	0.002097	0.008841
CAO2432174.1	0	0.967328	0.029111	0.003561
CAO2433095.1	2	0.344018	0.292069	0.363913
YCB07400.1	0	0.956253	0.001016	0.042731
YP_013454171.1	0	0.984872	0.001194	0.013934
CAO2433751.1	0	0.979443	0.001913	0.018643
YBZ37513.1	0	0.923088	0.051313	0.025599
YP_011967999.1	0	0.934671	0.000970	0.064360
YBZ23665.1	0	0.982332	0.009581	0.008088
CAO0810101.1	0	0.980381	0.000551	0.019068
YAJ19577.1	0	0.982976	0.002966	0.014058
YBG34395.1	0	0.968925	0.010560	0.020515
YAF83048.1	2	0.031913	0.233350	0.734737
YAS76280.1	0	0.990978	0.005415	0.003607
YP_012022043.1	1	0.019665	0.975889	0.004447
YP_013607637.1	0	0.991927	0.005311	0.002762
YP_011925967.1	0	0.957306	0.000905	0.041788
YBX86560.1	0	0.998079	0.001264	0.000657
YAF80564.1	0	0.977728	0.003285	0.018987
YAO55857.1	0	0.980705	0.001994	0.017301
CAO2806804.1	2	0.014770	0.004665	0.980564
YAO58129.1	0	0.978187	0.009074	0.012739
CAO2493563.1	0	0.698181	0.046947	0.254871
YBX85699.1	0	0.983912	0.012161	0.003927
CAO2434712.1	0	0.991737	0.002307	0.005957
YBW81482.1	1	0.335259	0.581782	0.082959
ANZ47539.1	0	0.978547	0.015112	0.006342
YP_011756127.1	0	0.993544	0.000664	0.005792
YP_012043108.1	1	0.030211	0.961289	0.008500
YP_012086939.1	0	0.990642	0.001009	0.008349
YCB59366.1	0	0.969508	0.001512	0.028981
XBA97663.1	0	0.989554	0.007685	0.002761
YP_011191710.1	0	0.966537	0.003801	0.029663
YAS75894.1	0	0.978312	0.004756	0.016932
YP_012792007.1	0	0.990866	0.001455	0.007679
YBX75972.1	0	0.705831	0.219213	0.074955
CAO2431935.1	0	0.987881	0.009615	0.002504
CAO2433988.1	0	0.991428	0.005947	0.002625
YP_012319349.1	0	0.973129	0.002483	0.024388
YCJ04000.1	0	0.973479	0.019677	0.006843
YBW00254.1	0	0.987483	0.001174	0.011343
YBW00914.1	0	0.970532	0.000411	0.029057
YAF82497.1	0	0.968328	0.020934	0.010738
YP_011898316.1	0	0.764687	0.121688	0.113625
YAV94690.1	2	0.024264	0.452589	0.523147
YBZ23443.1	1	0.130222	0.514327	0.355450
YAO57459.1	0	0.697143	0.225146	0.077710
YBX86165.1	0	0.979904	0.005582	0.014513
YBW92720.1	0	0.589208	0.051700	0.359092
XXZ67921.1	2	0.288360	0.031433	0.680208
YAS85595.1	1	0.003316	0.995231	0.001452
CAO2432325.1	0	0.970613	0.024375	0.005012
YCJ05659.1	2	0.010444	0.014393	0.975163
CAO2432500.1	0	0.972170	0.022857	0.004973
YCJ06203.1	2	0.221227	0.353727	0.425046
YBW68742.1	0	0.989640	0.005324	0.005036
YP_012768921.1	0	0.964856	0.020547	0.014597
CAO2434877.1	0	0.984192	0.007848	0.007959
XLZ13151.1	2	0.010415	0.017947	0.971638
XLY78014.1	0	0.979740	0.013174	0.007086
YAF79240.1	2	0.008586	0.191315	0.800099
YCH96171.1	0	0.980123	0.014135	0.005742
UVJ52432.1	2	0.056429	0.130141	0.813430
YBW50861.1	0	0.984392	0.002204	0.013404
YBG34115.1	0	0.917050	0.023514	0.059435
YBW00605.1	2	0.259436	0.322838	0.417726
YBG33118.1	0	0.983165	0.007480	0.009355
YAO55052.1	0	0.978562	0.005376	0.016062
WIL02086.1	0	0.974250	0.003097	0.022653
YP_011898558.1	0	0.960046	0.037506	0.002448
YP_013532525.1	0	0.973523	0.014809	0.011667
XZP19828.1	2	0.390398	0.024467	0.585135
XLY78015.1	0	0.985445	0.011500	0.003054
YBC01713.1	0	0.943226	0.004262	0.052512
QSM00484.1	0	0.979633	0.001489	0.018878
WIL02097.1	0	0.990497	0.004865	0.004638
UFJ83389.1	0	0.969187	0.002147	0.028666
XZP18480.1	0	0.974642	0.001749	0.023609
YCA88184.1	0	0.983476	0.000536	0.015987
YP_011990874.1	0	0.974654	0.001262	0.024084
YBZ37389.1	0	0.993777	0.003685	0.002538
CAO2434426.1	0	0.991428	0.005947	0.002625
YBZ63584.1	0	0.964027	0.011670	0.024304
YAJ19615.1	0	0.966452	0.007193	0.026355
YBW50301.1	0	0.934557	0.058450	0.006994
YAS74744.1	0	0.997519	0.001496	0.000985
CAO3862453.1	1	0.005278	0.965517	0.029205
XZP18142.1	0	0.989076	0.006665	0.004259
YP_011749701.1	0	0.979681	0.000264	0.020055
YAO57504.1	0	0.697143	0.225146	0.077710
YAA50764.1	0	0.952359	0.000720	0.046921
CAO2435152.1	0	0.991737	0.002307	0.005957
CAO2436956.1	0	0.969860	0.001547	0.028593
YP_011330757.1	0	0.914891	0.014145	0.070964
YCJ04665.1	0	0.993225	0.000105	0.006670
YAA52903.1	0	0.970398	0.010428	0.019174
YAF79904.1	0	0.963229	0.001054	0.035717
YBG32847.1	0	0.884346	0.065784	0.049870
YBW01200.1	2	0.211454	0.127891	0.660655
XZP49840.1	2	0.005369	0.002342	0.992289
YBW00345.1	0	0.981454	0.001022	0.017524
YAS75686.1	0	0.965364	0.000827	0.033809
CAO2432080.1	0	0.987616	0.009852	0.002532
YP_012087080.1	0	0.950327	0.012318	0.037355
YBC01718.1	2	0.165712	0.200472	0.633816
CAO0852463.1	0	0.965505	0.007427	0.027068
YCB84593.1	0	0.997324	0.000424	0.002252
CAO0862151.1	0	0.990720	0.000328	0.008952
YAS75537.1	0	0.958589	0.006028	0.035382
CAO0853422.1	0	0.950146	0.001106	0.048747
UFJ83288.1	0	0.996296	0.000213	0.003491
YCJ05705.1	0	0.859061	0.039470	0.101469
YBW00774.1	0	0.954717	0.021094	0.024189
YCB84650.1	0	0.959002	0.036429	0.004569
YBX86183.1	2	0.128746	0.180844	0.690410
YAO55131.1	0	0.980424	0.000229	0.019346
YBB95050.1	0	0.932517	0.012973	0.054510
YAS75325.1	0	0.990247	0.002886	0.006867
YAS69504.1	0	0.983491	0.000650	0.015859
CAO0866965.1	0	0.950146	0.001106	0.048747
YBG33052.1	0	0.983165	0.007480	0.009355
YCB59215.1	0	0.933550	0.001149	0.065301
YAF82093.1	0	0.969989	0.003766	0.026246
CAO3856631.1	2	0.023626	0.209407	0.766967
YAS76701.1	1	0.282427	0.683272	0.034301
BCO38547.1	0	0.986893	0.001608	0.011499
CAO2492695.1	0	0.970762	0.023025	0.006213
YP_011925981.1	0	0.912834	0.081158	0.006008
XZY10969.1	0	0.988124	0.001150	0.010726
YBB95847.1	2	0.035387	0.046698	0.917915
YBW00393.1	0	0.999378	0.000047	0.000575
ANZ46869.1	0	0.972691	0.009288	0.018021
YBX44800.1	0	0.992192	0.001987	0.005821
XLZ38621.1	0	0.901030	0.003968	0.095002
YP_011372492.1	0	0.953596	0.012575	0.033830
YBW01357.1	0	0.988713	0.000637	0.010650
XZY11370.1	1	0.273413	0.466572	0.260014
ANZ47243.1	0	0.991204	0.001037	0.007759
YBX44052.1	1	0.004166	0.966460	0.029373
CAO2434886.1	0	0.991737	0.002307	0.005957
XXP62075.1	0	0.996390	0.000755	0.002854
YBW91271.1	1	0.062584	0.908603	0.028812
YAV93914.1	2	0.018245	0.063200	0.918555
YBX45796.1	0	0.921418	0.071817	0.006765
YBW01288.1	2	0.064325	0.142874	0.792801
YBX86272.1	0	0.972285	0.014768	0.012947
YAA53107.1	0	0.970791	0.018002	0.011207
YP_011898449.1	0	0.973689	0.005157	0.021154
YAO55072.1	1	0.024392	0.650807	0.324801
YP_011997918.1	0	0.867989	0.088015	0.043996
YAO58192.1	0	0.971308	0.001960	0.026732
XZP19630.1	0	0.987781	0.000228	0.011991
YBX93031.1	0	0.980654	0.001326	0.018020
YAS73911.1	0	0.993070	0.000454	0.006475
CAO2432334.1	0	0.971490	0.023142	0.005368
YAA51256.1	0	0.984953	0.004754	0.010293
WPA89874.1	1	0.017444	0.966410	0.016147
YBW06235.1	0	0.978195	0.009075	0.012730
XZY10582.1	0	0.970364	0.001542	0.028095
YAF82405.1	0	0.974886	0.008549	0.016565
YP_012883200.1	1	0.141362	0.751798	0.106840
YP_012087075.1	0	0.992278	0.003400	0.004322
YAA53508.1	0	0.966665	0.008216	0.025119
YP_012275130.1	0	0.970012	0.028031	0.001957
YAO57264.1	0	0.976728	0.019571	0.003701
YBX44898.1	0	0.871559	0.102575	0.025866
YBW00554.1	2	0.383974	0.221973	0.394053
CAO2492888.1	1	0.006373	0.915683	0.077943
YAO58208.1	0	0.888012	0.108697	0.003291
YAS74125.1	0	0.990312	0.006912	0.002776
YCA89025.1	2	0.057188	0.072680	0.870131
YCJ05826.1	0	0.978048	0.001527	0.020426
YAA53581.1	0	0.968263	0.010774	0.020963
YP_011898392.1	0	0.982067	0.004456	0.013477
YAO57677.1	0	0.987308	0.004618	0.008074
YAS81925.1	0	0.816243	0.154917	0.028840
YCB16461.1	0	0.986240	0.004154	0.009606
CAO2435196.1	0	0.991737	0.002307	0.005957
YBW91877.1	0	0.959063	0.001731	0.039206
YAF82020.1	0	0.732948	0.006471	0.260581
YAO57199.1	0	0.946848	0.047015	0.006137
YBZ62851.1	2	0.022536	0.016641	0.960823
CAO0852721.1	0	0.990720	0.000328	0.008952
CAO2493109.1	0	0.972199	0.001364	0.026437
YAS75659.1	0	0.987615	0.000745	0.011640
YP_011967986.1	0	0.874932	0.032499	0.092569
YBX43685.1	0	0.959803	0.008862	0.031335
YBG33812.1	0	0.994978	0.004449	0.000573
XZP19414.1	0	0.981282	0.000194	0.018524
YBW91270.1	0	0.706681	0.143967	0.149351
YAF80237.1	0	0.947867	0.000988	0.051144
YBZ62570.1	0	0.987654	0.010372	0.001973
YAF82573.1	0	0.818815	0.025632	0.155553
CAO2436983.1	0	0.966858	0.004964	0.028178
YCB58322.1	0	0.961747	0.002799	0.035454
YBZ24174.1	0	0.950540	0.005716	0.043744
CAO2435666.1	0	0.991737	0.002307	0.005957
CAO0857891.1	0	0.990720	0.000328	0.008952
WIL02177.1	0	0.656927	0.328796	0.014277
YBG33459.1	0	0.579546	0.371868	0.048585
YAB58069.1	0	0.930791	0.061020	0.008189
YAJ19614.1	0	0.994783	0.003115	0.002102
YBW00082.1	0	0.985515	0.012994	0.001491
YAO58152.1	0	0.978302	0.005632	0.016067
YAO55181.1	0	0.986436	0.000397	0.013167
YBW00055.1	0	0.990384	0.000229	0.009388
YP_011898275.1	0	0.959954	0.037532	0.002514
YP_011191685.1	0	0.992379	0.003194	0.004427
YBX44112.1	1	0.007023	0.594489	0.398487
WIL02280.1	2	0.024430	0.031637	0.943934
YAA53317.1	0	0.987758	0.005490	0.006752
YP_011898420.1	1	0.107492	0.857899	0.034609
XLZ13166.1	0	0.981736	0.011106	0.007158
YP_011990930.1	0	0.910046	0.072319	0.017635
YAF82276.1	0	0.986977	0.000750	0.012273
YAO55732.1	0	0.947403	0.007310	0.045286
YBW01823.1	0	0.967405	0.009749	0.022846
YBZ23417.1	0	0.956683	0.004129	0.039188
CAO2436830.1	0	0.938506	0.002384	0.059109
YP_010064430.1	0	0.945736	0.049141	0.005123
CAO2433698.1	0	0.969843	0.015492	0.014665
XZS47627.1	2	0.228196	0.190037	0.581768
YAF80925.1	0	0.987432	0.000841	0.011726
YBG32776.1	0	0.994850	0.000594	0.004556
YP_011965721.1	0	0.940079	0.048990	0.010931
YBX45487.1	0	0.978923	0.003367	0.017710
YAL63664.1	0	0.991838	0.000606	0.007557
YAO54988.1	0	0.994207	0.000568	0.005225
YP_012319359.1	0	0.955919	0.001555	0.042526
WIW77027.1	0	0.983727	0.007224	0.009049
YAA45719.1	0	0.890621	0.080895	0.028485
YAF80250.1	0	0.965654	0.001950	0.032395
YP_011999065.1	0	0.991471	0.000412	0.008117
YP_012883050.1	0	0.757031	0.078050	0.164919
UFJ83372.1	0	0.981308	0.002909	0.015783
YP_011990887.1	0	0.974546	0.004843	0.020611
YAA51163.1	0	0.993922	0.002167	0.003911
XSD99353.1	0	0.994285	0.000682	0.005033
YBZ24399.1	2	0.006512	0.005537	0.987951
YBW50314.1	0	0.890079	0.021978	0.087943
CAO3862370.1	2	0.188111	0.115416	0.696474
WIL02433.1	0	0.984473	0.013791	0.001736
YAW78468.1	0	0.856231	0.057013	0.086756
YBW92975.1	0	0.951361	0.040214	0.008426
YP_012599066.1	0	0.857828	0.025971	0.116201
YP_013380345.1	0	0.994613	0.002697	0.002690
YBW50278.1	1	0.023110	0.908364	0.068526
CAO2434436.1	0	0.979443	0.001913	0.018643
YBG33677.1	0	0.983165	0.007480	0.009355
ANZ47653.1	0	0.970415	0.000393	0.029192
YBX44326.1	0	0.640636	0.287360	0.072005
YBX45789.1	0	0.979905	0.017683	0.002413
YBZ62841.1	0	0.858930	0.009721	0.131349
YBW00030.1	0	0.985500	0.013002	0.001499
WIL02410.1	0	0.974029	0.013016	0.012954
CAO0861473.1	0	0.962345	0.000207	0.037447
UGC96940.1	0	0.972255	0.001872	0.025873
XYC70366.1	0	0.980756	0.005726	0.013518
YAF79791.1	2	0.014688	0.230103	0.755209
YAF79411.1	2	0.133017	0.283036	0.583947
YAF82478.1	0	0.791581	0.193992	0.014427
YCB31936.1	0	0.965437	0.002298	0.032265
CAO2436575.1	0	0.974442	0.000817	0.024741
YAS69409.1	2	0.007648	0.001319	0.991033
YAO58160.1	0	0.967552	0.001925	0.030523
YBW00383.1	0	0.992015	0.003126	0.004859
YBB95035.1	0	0.990511	0.000858	0.008632
YP_013532579.1	0	0.957111	0.004402	0.038487
YCJ05822.1	0	0.991678	0.003423	0.004899
YP_012037326.1	0	0.990420	0.002301	0.007280
YAJ19871.1	0	0.968994	0.007249	0.023757
YP_013608355.1	0	0.995002	0.003229	0.001769
YAA51135.1	0	0.997705	0.001225	0.001070
CAO2577063.1	0	0.990387	0.000444	0.009169
YP_012855204.1	0	0.996423	0.000197	0.003380
XZP17379.1	0	0.976036	0.000551	0.023413
YBZ62890.1	0	0.846985	0.049199	0.103816
YAV94994.1	0	0.950704	0.002299	0.046998
ANZ47731.1	0	0.951807	0.001197	0.046996
YBW00306.1	0	0.992952	0.001153	0.005896
XZP18573.1	1	0.009441	0.774760	0.215799
CAO2492972.1	0	0.994420	0.000523	0.005057
YCJ05603.1	0	0.982980	0.002760	0.014260
YCB58404.1	0	0.973220	0.002079	0.024701
YBX86235.1	0	0.989455	0.008949	0.001596
YAO57871.1	0	0.991060	0.004138	0.004802
WIL02662.1	0	0.983832	0.001043	0.015125
YCJ04652.1	0	0.979710	0.000573	0.019718
YP_012488394.1	0	0.973888	0.019801	0.006312
CAO2436758.1	0	0.974442	0.000817	0.024741
XYC70121.1	0	0.972157	0.002943	0.024899
WWZ05422.1	0	0.988928	0.004370	0.006702
YBX76281.1	0	0.975892	0.000266	0.023842
WIL02037.1	0	0.990533	0.004888	0.004580
CAO1421734.1	0	0.914179	0.076562	0.009259
YAO56821.1	0	0.964863	0.000798	0.034340
YAF83068.1	1	0.350828	0.611048	0.038124
CAO2437045.1	0	0.969860	0.001547	0.028593
YP_012176523.1	1	0.000799	0.996213	0.002988
YBG34043.1	0	0.942275	0.005688	0.052037
YBZ37376.1	1	0.000606	0.973091	0.026302
CAO2436666.1	0	0.974442	0.000817	0.024741
YBZ62438.1	0	0.977574	0.002422	0.020003
YBX86567.1	2	0.007524	0.401076	0.591400
YBV99875.1	1	0.200941	0.499755	0.299305
YBW50652.1	1	0.002050	0.952593	0.045358
YBX85753.1	0	0.946691	0.005919	0.047390
CAO2435512.1	0	0.991737	0.002307	0.005957
YBW51082.1	0	0.885281	0.006739	0.107980
YP_011968016.1	0	0.959633	0.016944	0.023423
YAS75652.1	0	0.986959	0.001753	0.011288
YBW06347.1	0	0.982325	0.006397	0.011278
YP_012855220.1	0	0.991847	0.001396	0.006757
YAO57100.1	0	0.976636	0.019800	0.003564
YBW92760.1	0	0.995245	0.000654	0.004101
YP_011217139.1	0	0.989488	0.004874	0.005638
YCB86022.1	0	0.987473	0.005284	0.007243
CAO0807543.1	0	0.945202	0.037569	0.017230
YBG34192.1	0	0.983165	0.007480	0.009355
YAV94698.1	0	0.973833	0.000669	0.025498
CAO2432398.1	0	0.971490	0.023142	0.005368
YBW92791.1	0	0.940168	0.001931	0.057902
YP_011825222.1	0	0.942948	0.035144	0.021908
YAF79343.1	2	0.056464	0.167058	0.776478
ANZ46939.1	0	0.991159	0.000356	0.008485
YP_011997831.1	0	0.960614	0.004699	0.034687
YBX92898.1	1	0.003706	0.956577	0.039718
XXZ67912.1	0	0.987020	0.006384	0.006597
YBX86219.1	0	0.910005	0.014962	0.075033
CAO2431871.1	0	0.970324	0.024891	0.004785
YBW50373.1	0	0.994088	0.000894	0.005017
CAO2440227.1	0	0.971910	0.000596	0.027495
YAA52965.1	0	0.975092	0.008364	0.016544
YP_012063280.1	1	0.001117	0.967971	0.030912
CAO2436727.1	0	0.935438	0.012771	0.051791
YAA51117.1	0	0.956501	0.001388	0.042112
YBW81321.1	2	0.013963	0.003170	0.982867
XSD99921.1	2	0.153650	0.207927	0.638423
YBB94523.1	1	0.089083	0.532106	0.378811
YP_013396057.1	0	0.981519	0.006862	0.011619
YBW02470.1	0	0.999135	0.000208	0.000658
YBW51370.1	0	0.984842	0.010046	0.005112
CAO2436129.1	0	0.994908	0.000629	0.004463
YBW06307.1	1	0.000938	0.972907	0.026154
YCJ05105.1	0	0.992478	0.004147	0.003375
XQP09816.1	0	0.990540	0.002027	0.007433
YBX44743.1	0	0.844424	0.109616	0.045960
YAV94057.1	0	0.947161	0.006120	0.046719
YBW00524.1	0	0.992338	0.000552	0.007110
CAO0857277.1	0	0.965505	0.007427	0.027068
YBX75896.1	1	0.027126	0.926610	0.046264
YAO57125.1	0	0.993294	0.002784	0.003922
BCO38542.1	0	0.985404	0.000927	0.013669
YBZ23680.1	0	0.744174	0.205377	0.050449
CAO3860920.1	0	0.969014	0.001154	0.029832
CAO1702142.1	1	0.024264	0.890849	0.084887
YP_012087471.1	0	0.980197	0.016701	0.003103
YP_011967983.1	0	0.962742	0.000354	0.036904
YBW00140.1	0	0.915725	0.074068	0.010207
BHI38343.1	0	0.964212	0.028311	0.007477
XZP17295.1	0	0.990132	0.001794	0.008073
YAA53247.1	2	0.136403	0.045206	0.818391
YAO55561.1	0	0.914078	0.072362	0.013559
YP_013607310.1	0	0.988878	0.001500	0.009622
CAO2434325.1	0	0.956601	0.016134	0.027265
XZP18150.1	0	0.978951	0.009785	0.011265
YAR36155.1	0	0.951001	0.002503	0.046496
XZP17438.1	2	0.062119	0.230905	0.706976
YP_011372029.1	0	0.987539	0.000344	0.012117
YP_012233327.1	0	0.992324	0.001427	0.006249
YBW00827.1	0	0.984913	0.000454	0.014633
YAS74671.1	1	0.219483	0.736340	0.044176
YCB59379.1	0	0.995305	0.004143	0.000551
CAO2436665.1	0	0.973813	0.013315	0.012872
YBW00448.1	0	0.973584	0.024301	0.002116
CAO0862227.1	0	0.951304	0.001399	0.047298
YCB59239.1	0	0.918934	0.060546	0.020519
YBB94554.1	0	0.995758	0.000561	0.003681
BHE53367.1	0	0.963934	0.000911	0.035155
CAO2439523.1	0	0.981098	0.000729	0.018173
YBZ63469.1	0	0.963292	0.002365	0.034343
YBW64694.1	2	0.175539	0.153706	0.670755
YBW68672.1	0	0.978059	0.001590	0.020351
XZP20315.1	0	0.973408	0.002321	0.024271
YAF80619.1	0	0.961881	0.002782	0.035337
YBW64404.1	0	0.998472	0.000460	0.001068
YBB95020.1	0	0.809653	0.113983	0.076364
YBW00868.1	2	0.009960	0.010225	0.979815
XYC70301.1	0	0.995762	0.001455	0.002783
YCB16245.1	0	0.993003	0.000826	0.006171
YP_011770820.1	0	0.969071	0.002358	0.028572
XXP62070.1	0	0.995901	0.001802	0.002297
YP_013421643.1	0	0.986286	0.002255	0.011459
CAO2432958.1	2	0.344018	0.292069	0.363913
YBW50430.1	0	0.980757	0.008820	0.010423
ANZ46937.1	0	0.986070	0.000596	0.013334
YCB15939.1	0	0.962672	0.028405	0.008923
YCB26171.1	0	0.980674	0.000168	0.019158
ANZ47089.1	0	0.993350	0.000849	0.005800
YAF81398.1	1	0.001435	0.962206	0.036358
YCB58474.1	0	0.967787	0.012992	0.019221
YCJ05386.1	0	0.989302	0.000785	0.009913
YP_011968025.1	0	0.994797	0.003952	0.001252
YP_013606444.1	0	0.822435	0.126475	0.051090
YBW06115.1	0	0.979672	0.002374	0.017954
YBB95575.1	0	0.980353	0.000393	0.019254
YBX93205.1	0	0.971300	0.001232	0.027468
CAO2492049.1	0	0.988907	0.001948	0.009145
XZP17544.1	0	0.986804	0.005047	0.008150
YP_011629266.1	0	0.995781	0.002888	0.001331
CAO2431934.1	0	0.971490	0.023142	0.005368
YBZ37438.1	0	0.971953	0.008227	0.019820
YBW06218.1	0	0.872151	0.114918	0.012931
YBW50879.1	0	0.978036	0.000850	0.021114
XZP20886.1	0	0.926225	0.067541	0.006234
YAS85578.1	0	0.902549	0.061072	0.036378
YBB95618.1	1	0.169309	0.712093	0.118598
YAO56725.1	0	0.990758	0.002150	0.007092
YBX44158.1	2	0.089869	0.106007	0.804124
YP_011697870.1	0	0.907053	0.001846	0.091101
CAO0865198.1	0	0.950146	0.001106	0.048747
CAO2437832.1	0	0.944430	0.010233	0.045336
UXD71871.1	0	0.996756	0.000301	0.002942
YAF82444.1	0	0.907434	0.055152	0.037413
YBW00601.1	0	0.967509	0.030386	0.002105
YP_011771103.1	0	0.989958	0.004082	0.005960
XZY11170.1	0	0.988124	0.001150	0.010726
YCB85257.1	2	0.044409	0.249203	0.706388
YAO56817.1	0	0.992824	0.000423	0.006753
YP_013607485.1	0	0.921221	0.074785	0.003993
YP_011697860.1	0	0.987440	0.000931	0.011630
YP_011997885.1	0	0.906516	0.065586	0.027897
YCB85737.1	0	0.995756	0.001400	0.002844
CAO2493754.1	0	0.982236	0.006866	0.010898
YAS73772.1	0	0.980626	0.016349	0.003025
YAO59821.1	0	0.960956	0.002707	0.036337
YBV99854.1	0	0.966062	0.002022	0.031916
XZP18464.1	2	0.013971	0.004927	0.981102
YAS74435.1	0	0.993095	0.003147	0.003758
YP_011872753.1	0	0.975307	0.013304	0.011389
YP_012476220.1	0	0.975933	0.001983	0.022085
CAO0860589.1	0	0.965505	0.007427	0.027068
YAS76363.1	0	0.949732	0.033769	0.016499
CAO2434076.1	0	0.979443	0.001913	0.018643
YP_011372439.1	0	0.963493	0.002392	0.034115
YP_011898254.1	1	0.093054	0.865776	0.041170
YCB25996.1	0	0.994689	0.004302	0.001008
XZP17195.1	0	0.907591	0.088985	0.003424
YAA53514.1	0	0.996799	0.000680	0.002521
YBW00287.1	0	0.999371	0.000119	0.000510
YP_011557422.1	0	0.993380	0.002508	0.004113
YBX44640.1	0	0.987475	0.009681	0.002844
CAO2431202.1	0	0.977745	0.005675	0.016581
YP_012054241.1	0	0.989821	0.008558	0.001621
YBZ23988.1	0	0.989814	0.005221	0.004966
YCB07349.1	0	0.950409	0.001553	0.048038
YAA51511.1	0	0.983788	0.002881	0.013331
AOZ62636.1	0	0.990801	0.002300	0.006898
YP_011990840.1	0	0.949368	0.026032	0.024601
YBW01517.1	0	0.981665	0.003191	0.015145
YBG33034.1	0	0.942275	0.005688	0.052037
YP_012063220.1	0	0.979994	0.017753	0.002253
XHS91428.1	0	0.927787	0.001718	0.070495
YAF81121.1	0	0.984836	0.003905	0.011259
YBX45946.1	0	0.959117	0.000987	0.039895
